
Leg L1

BEGIN       : 0.0,0.0
END         : 174.99999999999997,303.10889132455355

MAGNITUDE   : 350.0

X-DIRECTION : 1
Y-DIRECTION : 1

X-COMPONENT : 174.99999999999997
Y-COMPONENT : 303.10889132455355

Leg L2

BEGIN       : 174.99999999999997,303.10889132455355
END         : 237.49999999999997,194.8557158514987

MAGNITUDE   : 125.0

X-DIRECTION : 1
Y-DIRECTION : -1

X-COMPONENT : 62.49999999999999
Y-COMPONENT : 108.25317547305484

Leg L3

BEGIN       : 237.49999999999997,194.8557158514987
END         : -195.51270189221938,-55.14428414850127

MAGNITUDE   : 500.0

X-DIRECTION : -1
Y-DIRECTION : -1

X-COMPONENT : 433.01270189221935
Y-COMPONENT : 249.99999999999997

X : 174.99999999999997
Y : 303.10889132455355
X : 62.49999999999999
Y : -108.25317547305484
X : -433.01270189221935
Y : -249.99999999999997

RESULTANT - X : -195.51270189221938
RESULTANT - Y : -55.14428414850127
MAGNITUDE -   : 203.1406130625939
DIRECTION -   : -15.751085689765423
<<< Process finished. (Exit code 0)
================ READY ================
